A,C,D,E,F,G,H,I,K,L,M,N,P,Q,R,S,T,V,W,Y,Labels
10.11,3.93,6.18,8.99,1.69,2.25,1.12,5.62,8.99,15.17,2.81,2.81,4.49,5.62,1.69,3.93,5.06,6.18,1.12,2.25,1
5.77,4.62,3.85,5.77,2.31,8.85,3.46,3.46,6.92,10.38,3.46,3.46,6.92,3.46,3.46,5.77,5.77,7.31,3.08,1.92,1
12.41,0,4.71,4.22,2.73,10.17,2.23,6.2,5.46,6.45,0.99,6.2,3.23,1.74,2.98,9.43,8.19,7.69,1.24,3.72,1
15.71,0,2.86,10,2.86,5.71,0,7.14,5.71,8.57,2.86,1.43,10,2.86,2.86,2.86,2.86,10,1.43,4.29,1
5.41,0,8.11,11.49,6.08,3.38,2.03,9.46,13.51,10.14,5.41,2.7,2.03,4.05,4.05,2.03,2.7,5.41,0,2.03,1
6.05,1.84,5.26,6.05,4.47,10,1.05,6.05,4.47,6.32,1.58,7.11,3.68,3.42,3.68,7.63,7.37,6.05,2.11,5.79,1
6.18,4.49,2.81,6.18,5.06,5.06,2.81,2.81,5.06,8.43,2.81,3.37,7.3,14.61,3.93,6.18,5.62,4.49,1.12,1.69,1
6.88,0,5.62,8.75,5,8.75,2.5,8.12,9.38,5.62,1.25,5.62,5,1.25,1.88,6.88,5.62,7.5,0,4.38,1
4.63,0.83,4.63,13.22,4.96,4.3,1.32,5.12,5.79,8.93,0.5,6.94,6.61,7.77,7.93,7.44,1.82,4.46,0.33,2.48,1
6.8,2.06,3.51,7.63,4.54,7.42,0.82,4.74,3.92,7.84,1.65,8.25,5.36,10.52,5.98,6.6,3.71,5.57,0.82,2.27,1
5.86,2.22,3.23,8.08,4.65,7.68,1.62,5.25,5.05,7.47,1.41,7.47,5.66,9.7,5.45,7.27,4.04,4.85,0.81,2.22,1
6.24,2.29,3.33,7.9,6.03,6.65,1.25,4.99,3.95,7.48,1.25,7.48,6.03,10.19,6.03,7.07,3.74,5.41,0.62,2.08,1
4.09,1.6,5.69,9.79,3.02,6.58,2.67,3.56,4.98,8.01,0.53,5.69,6.76,9.25,6.41,8.01,3.56,6.05,1.07,2.67,1
11.39,0,7.59,8.23,4.43,9.49,1.27,5.06,10.13,8.23,0.63,5.06,5.06,0.63,0,5.06,6.96,6.96,0,3.8,1
5.99,2.3,7.83,6.45,6.45,7.83,1.38,7.37,5.99,8.76,1.38,4.61,5.07,2.3,4.61,7.37,4.61,6.45,0.92,2.3,1
5.99,2.3,8.29,5.99,6.91,7.83,0.92,7.83,5.99,7.83,0.92,4.61,4.61,2.3,5.07,7.37,5.07,7.37,0.92,1.84,1
11.59,0,5.8,4.35,4.35,7.25,0,6.52,5.8,7.25,0.72,4.35,6.52,5.07,2.9,7.97,4.35,10.87,0,4.35,1
10.42,6.94,4.86,4.17,2.08,7.64,2.08,2.78,3.47,9.03,1.39,2.08,9.03,4.86,6.25,6.25,4.86,7.64,0.69,3.47,1
8.9,6.85,4.79,4.11,1.37,9.59,0,3.42,2.74,4.11,4.11,2.74,7.53,5.48,5.48,8.22,3.42,9.59,2.74,4.79,1
11.49,6.76,3.38,4.05,2.7,6.76,2.03,4.05,2.03,10.14,2.7,2.7,6.76,5.41,6.08,6.08,5.41,6.08,0.68,4.73,1
10.45,5.97,3.73,2.24,0.75,6.72,2.24,4.48,3.73,10.45,2.99,7.46,5.22,4.48,5.97,8.96,3.73,8.96,0,1.49,1
5.04,6.2,3.1,9.3,1.94,6.59,0.78,5.43,2.71,5.81,1.94,2.71,2.71,17.05,9.69,9.3,3.49,4.65,0,1.55,1
9.84,0.52,5.18,6.22,4.66,5.7,2.07,5.44,6.22,10.62,3.11,4.66,4.15,3.37,2.85,7.51,8.29,4.92,0.52,4.15,1
9.84,0.26,5.96,5.44,5.18,5.7,0.78,5.18,6.99,10.1,2.85,4.4,3.63,3.63,2.07,7.77,10.62,4.92,0.52,4.15,1
9.84,0.52,5.44,5.7,4.92,5.96,2.07,5.44,5.7,10.36,2.85,4.4,4.15,3.63,2.85,7.51,9.07,4.92,0.52,4.15,1
3.91,1.95,0.33,1.63,3.26,2.28,1.3,5.21,0.65,8.14,0.65,1.95,15.64,34.2,1.95,5.21,2.28,5.21,0.33,3.91,1
8.97,6.9,4.14,4.14,2.07,7.59,2.07,4.14,2.76,8.28,2.07,3.45,7.59,2.76,6.21,9.66,5.52,7.59,0,4.14,1
6.99,6.99,1.4,6.99,3.5,4.9,0.7,3.5,2.1,9.79,4.2,5.59,9.79,6.29,4.2,5.59,6.29,5.59,1.4,4.2,1
9.52,7.14,2.38,4.17,2.38,5.95,1.19,3.57,2.38,13.1,1.79,2.38,8.93,5.36,4.76,8.93,3.57,7.14,1.79,3.57,1
3.01,0.48,0.72,2.89,0.24,17.59,0.48,0.48,0.72,5.3,0.24,0,11.81,33.98,2.41,7.23,3.37,2.05,1.08,5.9,1
4.48,1.08,0.62,2.62,0.46,17.44,2.01,0.77,1.23,4.32,0.62,0,10.65,31.79,2.16,6.48,4.01,3.09,0.93,5.25,1
3.85,2.1,0.35,1.75,4.2,2.45,1.75,5.24,1.05,9.79,1.05,2.1,14.34,31.82,1.75,4.9,3.15,4.9,0.35,3.15,1
4.39,2.03,0.34,1.01,4.05,2.36,1.69,5.07,0.34,7.43,0.68,2.36,16.89,32.77,2.36,4.73,3.38,4.73,0.34,3.04,1
3.85,2.1,0.35,1.75,4.2,2.45,2.1,5.24,0.7,9.44,1.05,2.45,13.99,32.17,1.75,4.9,3.15,4.9,0.35,3.15,1
4.47,1.92,0.32,1.28,3.83,1.6,1.92,4.47,0.64,8.31,1.28,2.24,13.74,36.74,1.6,5.43,3.19,4.47,0,2.56,1
4.56,2.61,0,1.63,4.56,2.93,0.98,4.89,0.65,8.79,2.28,0.65,12.7,31.6,2.61,7.17,3.58,5.86,0.65,1.3,1
4.55,1.06,0.61,2.58,0.45,17.58,1.97,1.21,1.36,4.39,0.76,0,10.45,31.97,1.97,6.36,3.79,2.88,0.91,5.15,1
4.21,2.25,0,1.12,5.06,1.97,1.12,5.06,0.56,6.18,1.69,0.84,12.92,38.48,2.25,7.87,2.53,4.21,0,1.69,1
8.39,7.69,2.8,5.59,2.1,4.9,0.7,4.2,2.1,9.79,4.2,3.5,8.39,6.99,4.9,6.99,5.59,6.29,1.4,3.5,1
8.28,6.9,4.14,4.14,2.07,8.97,2.76,2.76,2.76,8.28,2.07,3.45,8.97,2.76,5.52,6.9,6.21,8.97,0,4.14,1
3.73,2.71,0.34,2.03,4.41,3.39,1.36,4.07,0.68,10.17,2.37,1.02,11.19,29.15,2.03,7.8,4.41,7.12,0.34,1.69,1
3.86,2.81,0.7,1.4,4.21,3.16,1.05,4.91,0.7,8.07,2.11,0.7,11.93,31.23,2.11,9.47,4.21,5.61,0.7,1.05,1
3.55,0.99,0.57,2.13,0.43,18.3,1.56,1.42,0.99,4.82,0.57,0.28,9.65,33.05,2.41,6.81,3.55,2.98,0.57,5.39,1
8.75,0.62,4.38,10.62,3.12,9.38,2.5,6.88,9.38,6.88,1.25,5,3.12,0.62,2.5,5.62,5.62,8.75,0,5,1
8.12,0.62,4.38,10,3.12,10,1.88,5.62,10,6.88,1.88,5,3.12,0.62,2.5,6.88,5,9.38,0,5,1
8.12,0.62,4.38,10.62,3.12,9.38,2.5,6.25,9.38,6.88,1.88,5,3.75,0.62,2.5,5.62,5,9.38,0,5,1
8.12,0.62,4.38,10.62,3.12,9.38,1.88,6.25,10,6.88,1.88,5,3.75,0.62,2.5,6.25,4.38,9.38,0,5,1
9.03,2.58,4.52,7.1,5.81,4.52,1.94,7.1,4.52,7.74,2.58,5.81,3.87,4.52,4.52,8.39,3.87,6.45,0.65,4.52,1
8.84,6.12,4.76,1.36,2.72,8.84,0.68,4.76,4.08,10.2,2.04,8.84,2.04,2.04,8.16,8.16,4.76,5.44,4.08,2.04,1
7.15,5.69,6.67,8.13,5.2,3.9,2.11,5.69,7.8,6.99,3.25,2.76,4.23,5.69,4.55,6.83,3.9,6.02,0.16,3.25,1
7.09,5.67,2.13,9.22,1.42,4.26,2.13,5.67,2.84,8.51,12.77,4.96,4.96,5.67,5.67,5.67,4.26,4.26,0.71,2.13,1
7.53,5.48,0.68,12.33,1.37,5.48,2.05,2.05,0.68,6.16,15.07,2.05,4.79,8.9,10.96,5.48,4.11,3.42,0,1.37,1
8.59,2.27,7.07,4.55,3.54,10.1,1.77,6.31,4.8,7.58,2.02,6.31,4.04,3.03,5.05,7.07,5.56,7.07,1.77,1.52,1
8.29,3.02,7.29,3.02,3.77,8.04,3.02,6.78,5.03,8.04,2.26,6.78,4.02,4.02,4.77,6.28,5.53,6.53,1.76,1.76,1
8.56,2.77,7.05,3.02,3.53,9.07,1.51,7.3,5.04,7.81,2.27,7.05,4.03,4.28,3.78,6.3,5.79,7.3,2.02,1.51,1
7.91,2.55,6.89,4.08,3.83,9.95,2.3,8.16,4.08,7.65,2.04,6.12,4.34,3.32,4.85,6.12,4.85,6.38,2.04,2.55,1
26.81,0,3.22,5.09,5.09,5.63,0.27,2.68,11.26,5.36,0.8,1.88,5.63,2.14,0.54,5.09,7.51,7.51,0,3.49,1
30.63,0,2.7,4.2,3.3,7.51,0.6,2.7,8.11,4.5,0.6,1.8,5.41,2.1,0.3,3.6,9.61,7.81,0,4.5,1
29.64,0,3.26,4.56,3.58,6.51,0.33,2.61,9.12,4.56,0.98,1.95,5.21,2.28,0.33,4.23,8.47,7.82,0,4.56,1
2.74,10.96,5.48,5.48,2.74,8.22,0,12.33,10.96,5.48,2.74,6.85,1.37,1.37,0,5.48,8.22,4.11,0,5.48,1
13.21,5.71,2.86,2.5,5,16.79,1.79,3.93,2.86,4.64,1.43,8.57,4.64,4.64,3.93,3.93,3.21,4.29,1.43,4.64,1
3.1,0.78,7.36,6.59,4.65,5.04,2.33,7.36,12.4,10.47,1.16,8.14,2.33,3.49,2.71,6.98,5.04,5.04,0.39,4.65,1
14.57,0.66,5.96,3.31,10.6,7.28,2.65,7.28,7.28,5.96,3.31,3.31,3.31,2.65,1.99,6.62,5.3,5.96,0.66,1.32,1
16.56,0.66,7.95,0.66,9.93,8.61,2.65,5.96,6.62,6.62,2.65,2.65,1.99,3.31,1.32,7.28,5.96,6.62,0.66,1.32,1
11.26,0,7.95,4.64,7.28,4.64,3.97,5.96,6.62,9.93,1.99,5.3,3.31,3.31,2.65,7.95,3.31,5.96,1.99,1.99,1
18.63,0.62,5.59,3.11,5.59,4.97,2.48,4.97,4.97,8.7,0.62,4.97,2.48,2.48,2.48,9.94,3.73,9.94,1.86,1.86,1
19.25,0.62,5.59,3.11,6.21,4.97,1.86,4.97,4.97,8.7,0.62,5.59,1.86,3.11,2.48,9.32,3.73,9.94,1.86,1.24,1
19.75,0.62,5.56,3.09,6.17,4.32,3.09,4.94,5.56,8.64,0.62,3.7,1.85,3.7,1.85,8.64,3.7,9.88,1.85,2.47,1
11.92,0,6.62,3.31,7.95,11.92,1.32,5.3,8.61,9.93,3.97,5.3,3.31,4.64,0.66,2.65,5.3,5.3,1.32,0.66,1
11.26,0,7.95,7.28,7.95,5.96,5.96,5.96,7.28,6.62,1.32,1.99,1.99,2.65,2.65,5.3,6.62,6.62,2.65,1.99,1
5.24,0.23,4.78,8.43,6.83,4.33,1.82,5.92,4.78,10.71,0.46,7.52,5.01,7.52,7.06,7.52,2.51,6.61,0,2.73,1
6.25,10,5,1.25,0,10,0,11.25,0,18.75,0,7.5,5,2.5,6.25,7.5,5,2.5,0,1.25,1
3.72,3.19,5.32,3.19,5.85,9.57,0,6.38,4.79,10.64,0.53,7.98,7.98,2.66,4.26,6.91,4.26,7.98,0.53,4.26,1
7.14,9.05,8.1,6.19,4.76,8.57,1.9,1.43,6.19,6.67,1.9,6.67,3.81,0.48,2.86,6.19,6.67,8.57,0,2.86,1
10.67,3.93,5.62,8.99,2.25,2.81,1.12,5.62,8.99,15.17,2.81,2.81,4.49,5.62,1.69,3.93,5.06,5.06,1.12,2.25,1
7.98,2.66,7.22,6.84,4.18,11.03,1.52,4.18,9.89,4.56,1.14,3.42,6.08,0.76,2.28,6.46,6.84,7.22,2.28,3.42,1
6.19,0,7.22,11.34,6.19,8.25,1.03,2.06,13.4,6.19,2.06,6.19,5.15,0,2.06,6.19,3.09,9.28,2.06,2.06,1
4.12,0,4.12,9.28,4.12,8.25,1.03,2.06,11.34,8.25,3.09,5.15,6.19,1.03,3.09,4.12,11.34,8.25,2.06,3.09,1
9.52,6.12,4.76,1.36,2.72,8.84,0.68,4.76,4.08,10.2,2.04,9.52,2.04,2.04,8.16,7.48,4.76,4.76,4.08,2.04,1
8.53,6.2,7.75,4.65,3.88,5.43,1.55,2.33,11.63,7.75,3.1,10.08,0.78,1.55,3.1,10.08,0.78,3.88,3.88,3.1,1
5.01,0.35,8.29,5.35,4.32,6.39,1.73,5.18,6.39,8.12,1.9,6.04,4.84,3.63,5.35,6.56,5.01,7.43,2.94,5.18,1
4.42,2.76,6.63,8.29,5.52,7.73,2.21,5.52,7.73,12.71,2.76,5.52,0.55,1.66,5.52,4.42,6.08,5.52,0.55,3.87,1
12.41,0,5.46,5.21,2.73,9.93,1.99,6.7,6.45,6.2,0.74,5.21,2.98,3.47,2.98,9.18,6.45,7.2,0.99,3.72,1
9.07,1.55,3.63,8.55,5.18,4.92,1.81,6.48,5.18,8.29,4.4,4.4,3.63,3.89,3.89,9.84,3.89,8.03,0.78,2.59,1
6.07,1.58,6.07,7.12,3.69,8.18,3.43,5.54,6.86,7.92,1.58,4.22,2.64,4.49,3.69,9.76,4.75,5.01,2.64,4.75,1
16.81,0.88,13.27,9.73,9.73,10.62,0,5.31,12.39,9.73,0,0.88,0,0,0.88,3.54,1.77,2.65,0.88,0.88,1
17.59,0.93,10.19,7.41,9.26,11.11,0.93,6.48,11.11,7.41,0.93,0.93,0,1.85,0.93,4.63,4.63,3.7,0,0,1
11.98,1.56,8.85,6.77,6.77,5.73,0,5.73,7.29,6.77,1.04,9.38,1.56,3.12,3.65,3.65,2.6,7.29,1.04,5.21,1
14.25,0,4.49,2.9,2.64,10.55,1.85,3.96,6.6,5.8,2.64,5.54,3.17,2.37,1.58,10.29,6.07,10.82,0.53,3.96,1
10.98,5.78,4.62,0.58,5.78,13.87,1.16,5.2,0.58,5.78,1.16,5.78,6.94,5.2,2.31,9.83,7.51,3.47,1.16,2.31,1
2.99,0,6.41,4.7,4.27,5.13,2.14,8.55,10.68,8.97,1.71,5.98,5.56,2.99,1.71,10.26,10.26,2.99,0.85,3.85,1
3.96,3.52,4.41,5.29,3.52,8.37,2.2,7.49,9.25,5.73,1.76,10.13,3.52,4.85,3.96,3.08,6.61,5.29,2.2,4.85,1
4.43,3.94,2.96,4.93,1.48,8.37,3.94,3.94,10.34,3.94,3.45,10.84,4.93,4.93,2.46,3.45,6.4,6.4,2.46,6.4,1
5.74,3.83,3.35,5.26,1.91,9.09,2.87,5.26,9.57,5.74,1.91,8.13,4.78,6.22,1.91,5.74,4.78,6.7,1.91,5.26,1
5.29,3.52,4.85,4.85,1.76,8.37,2.64,4.85,11.89,6.61,2.2,7.49,3.96,5.29,1.76,3.08,4.85,7.93,2.2,6.61,1
7.91,5.77,6.59,9.72,4.94,2.8,2.8,2.47,9.88,10.71,0.82,2.31,4.61,3.29,4.28,5.27,5.6,6.26,0.49,3.46,1
6.45,0,3.23,9.68,4.3,5.38,2.15,5.38,3.23,8.6,3.23,4.3,10.75,7.53,2.15,6.45,4.3,3.23,2.15,7.53,1
5.61,0.47,3.74,11.68,3.74,4.21,1.87,6.07,7.01,10.75,2.34,3.74,7.01,6.54,2.8,7.94,2.8,6.07,0.93,4.67,1
4.02,0.45,1.79,8.04,4.02,2.23,2.23,4.91,5.36,12.5,2.68,2.23,15.62,9.38,1.79,7.14,4.02,9.38,0.45,1.79,1
4.02,0.45,1.79,8.48,4.02,2.23,2.68,4.91,5.36,12.05,3.12,2.23,15.18,8.93,1.79,7.14,4.02,9.38,0.45,1.79,1
8.95,1.05,1.58,6.32,3.68,1.58,1.58,6.84,5.26,6.84,2.11,4.21,11.05,7.89,2.63,7.37,8.95,6.84,0.53,4.74,1
2.63,0,5.26,15.79,0,2.63,0,7.89,9.21,9.21,2.63,2.63,5.26,9.21,2.63,13.16,1.32,6.58,0,3.95,1
3.52,5.63,9.15,4.93,4.23,4.93,2.82,6.34,8.45,11.97,2.11,5.63,1.41,4.93,0.7,6.34,5.63,5.63,2.82,2.82,1
8.26,2.75,5.5,6.42,2.75,6.42,0,3.67,5.5,15.6,4.59,5.5,1.83,2.75,3.67,4.59,8.26,10.09,0,1.83,1
9.78,4.35,6.52,7.61,1.09,4.35,0,4.35,7.61,16.3,2.17,4.35,4.35,2.17,3.26,2.17,4.35,9.78,2.17,3.26,1
8.43,5.79,6.28,9.92,5.45,2.81,2.98,3.97,9.42,10.74,0,2.15,4.96,3.31,4.79,4.46,4.46,5.79,0.5,3.8,1
6.05,1.84,4.74,6.84,4.21,10,0.53,6.05,4.21,6.05,1.58,7.11,3.68,3.68,3.68,7.63,7.37,6.58,2.11,6.05,1
8.56,2.77,7.05,3.02,3.53,9.07,1.26,7.3,5.04,7.81,2.27,7.05,4.03,4.28,4.03,6.3,5.79,7.3,2.02,1.51,1
6.05,3.02,7.3,3.53,3.78,9.32,3.27,7.05,4.53,6.55,3.02,5.79,4.28,4.53,4.53,4.79,6.55,7.3,2.52,2.27,1
8.62,1.8,8.22,2.4,2.81,8.62,1.6,5.61,4.01,7.41,2.2,5.21,4.41,4.01,2,7.41,8.02,6.21,2.4,7.01,1
6.02,1.5,5.26,6.02,3.01,14.29,3.01,8.27,5.26,6.77,3.76,1.5,4.51,6.77,1.5,6.77,4.51,6.77,1.5,3.01,1
11.97,6.84,4.27,0.85,0,7.69,1.71,5.13,3.42,9.4,3.42,8.55,5.98,5.13,5.13,6.84,3.42,7.69,0,2.56,1
5.22,2.32,4.35,5.8,3.77,10.14,0.87,6.67,6.09,6.96,1.45,7.25,3.19,3.48,4.06,6.96,4.35,6.96,2.03,8.12,1
7.54,2.78,7.94,7.14,3.97,11.9,1.59,4.37,10.32,3.97,0.79,3.17,6.35,0.79,2.38,5.16,7.14,6.75,2.38,3.57,1
7.98,2.66,7.22,6.84,4.18,11.03,1.52,3.8,9.89,4.56,1.14,3.42,6.08,0.76,2.28,6.46,7.22,7.22,2.28,3.42,1
21.67,6.67,1.67,0.83,0,8.33,0,5,1.67,5.83,0.83,5.83,3.33,3.33,5.83,12.5,6.67,8.33,0,1.67,1
18.18,8.08,3.03,0,0,10.1,1.01,5.05,2.02,3.03,1.01,6.06,4.04,2.02,8.08,16.16,5.05,4.04,0,3.03,1
9.33,0.52,5.44,5.96,4.66,5.96,1.55,6.22,6.22,10.36,3.11,4.4,4.15,3.63,2.59,7.51,8.55,4.66,0.52,4.66,1
6.88,0,4.13,9.17,5.5,5.5,0.46,7.34,7.34,9.17,0.46,7.8,5.5,7.8,4.59,8.72,1.38,5.96,0,2.29,1
4.38,0.78,4.54,12.68,5.01,4.85,3.44,4.54,6.57,7.67,0.94,6.57,5.48,8.45,6.73,7.36,2.19,5.01,0.47,2.35,1
3.88,1.55,4.65,8.14,3.49,7.95,2.91,3.29,3.68,7.95,0.97,6.4,7.36,8.72,6.4,8.33,4.07,6.59,0.78,2.91,1
3.75,1.25,5.83,8.33,2.5,7.5,2.92,2.92,3.33,8.33,0.42,7.08,8.33,7.92,7.92,6.67,3.33,6.67,0.42,4.58,1
5.86,2.22,3.43,8.28,4.85,7.27,1.62,5.25,5.05,7.47,1.41,7.47,5.86,9.7,5.45,6.87,4.04,4.85,0.81,2.22,1
4.3,2.98,1.32,0.66,5.3,2.65,2.32,5.96,0.99,6.95,2.32,2.32,16.56,29.8,1.32,4.3,4.64,3.97,0.33,0.99,1
4.12,2.75,0.69,1.03,4.47,2.75,1.37,6.87,1.37,8.25,2.06,1.37,15.12,30.24,1.37,6.19,3.09,5.15,0.69,1.03,1
5.03,1.89,0.31,1.26,3.46,1.26,1.89,4.72,0.63,8.49,0.94,2.2,13.84,37.42,0.94,5.66,3.14,4.4,0,2.52,1
4.12,2.06,0.34,2.06,4.47,2.41,3.09,5.15,0.34,7.9,0.69,2.41,14.43,32.99,1.72,4.47,3.09,4.81,0.34,3.09,1
4.47,1.92,0.32,1.28,3.83,1.6,1.92,4.47,0.96,8.31,0.96,2.24,13.74,36.74,1.6,5.43,3.19,4.47,0,2.56,1
3.85,2.1,0.35,1.75,4.2,2.45,2.1,5.24,0.7,9.44,1.05,2.45,14.34,31.82,1.75,4.9,3.15,4.9,0.35,3.15,1
3.44,1.53,0.38,1.91,3.44,1.91,2.29,4.96,1.53,9.16,0.76,1.91,13.74,35.11,1.91,5.34,2.29,5.34,0.38,2.67,1
4.04,2.36,0.34,1.35,3.7,2.36,1.68,5.39,0.67,7.07,1.01,2.02,14.48,34.34,2.02,5.39,2.69,5.39,0.34,3.37,1
4.96,2.13,0.35,1.77,3.9,1.77,2.84,4.96,0.35,7.09,1.06,2.48,15.25,31.21,1.42,6.38,3.55,4.96,0,3.55,1
3.76,3.23,0.54,2.15,3.23,3.23,3.23,6.99,0.54,8.6,1.08,3.23,9.68,33.87,1.61,5.91,2.15,3.76,0.54,2.69,1
4.61,2.63,0,1.97,4.28,3.62,0.99,4.61,0.66,7.89,1.97,0.66,10.86,31.91,1.97,9.54,3.29,6.58,0.66,1.32,1
2.79,2.17,0,1.24,4.02,3.41,4.64,4.33,0.62,6.19,1.24,9.91,9.91,26.01,2.48,9.6,4.02,5.26,0.31,1.86,1
4.92,2.87,0,0.82,2.87,3.69,1.23,6.15,0.82,7.79,2.05,0.82,11.89,30.74,2.46,8.2,4.51,6.15,0.41,1.64,1
2.39,2.39,0.8,0.8,5.18,2.39,1.99,5.98,1.2,6.77,2.79,1.2,15.54,35.86,0.4,5.18,3.59,3.59,1.2,0.8,1
3.67,2.14,0.92,0.92,4.59,3.06,1.22,6.42,0.92,7.95,1.83,1.22,16.51,33.33,1.22,5.5,3.06,4.28,0.92,0.31,1
4.39,2.03,0.34,1.01,4.05,2.03,1.69,4.73,0.34,7.43,0.68,2.36,17.23,32.77,2.36,4.73,3.72,4.73,0.34,3.04,1
2.94,0.49,0.74,2.94,0.25,17.18,0.49,0.49,0.86,5.28,0.25,0,11.66,33.74,2.58,7.48,3.44,2.09,1.1,6.01,1
5,2.78,6.11,11.67,5,5.56,3.33,6.11,6.67,12.78,2.78,6.11,1.11,1.67,5,5.56,5.56,4.44,0.56,2.22,1
4.52,2.82,6.78,8.47,5.65,7.91,2.26,5.65,7.34,11.86,2.26,5.65,0.56,1.69,5.08,5.08,6.21,5.65,0.56,3.95,1
9.42,4.35,8.7,3.62,2.17,6.52,2.9,8.7,10.14,6.52,0.72,5.8,4.35,2.9,1.45,2.9,5.07,11.59,0.72,1.45,1
8.9,4.79,8.22,3.42,2.05,6.16,2.74,9.59,10.27,7.53,2.05,5.48,4.11,2.74,1.37,3.42,4.79,10.27,0.68,1.37,1
10.87,4.35,8.7,3.62,2.17,5.8,2.9,7.25,10.14,6.52,1.45,5.8,4.35,2.9,1.45,2.9,5.07,11.59,0.72,1.45,1
10.3,6.06,5.45,3.64,1.82,9.7,3.03,2.42,1.82,7.88,3.64,2.42,6.06,3.03,8.48,5.45,4.24,9.7,1.21,3.64,1
13.38,6.37,4.46,3.82,1.91,8.92,2.55,1.91,1.27,7.64,3.82,1.91,4.46,3.82,10.19,6.37,1.91,9.55,1.27,4.46,1
6.8,2.06,3.71,7.63,4.54,7.22,0.82,4.74,3.92,7.84,1.65,8.25,5.36,10.52,5.98,6.6,3.71,5.57,0.82,2.27,1
11.82,0,7.27,5.68,3.41,8.86,1.59,7.05,8.41,8.64,1.14,4.09,3.86,3.18,2.73,7.27,4.32,6.59,1.14,2.95,1
6.59,0.37,6.59,2.93,6.59,7.69,1.1,6.59,5.49,5.86,1.83,6.96,3.66,1.83,2.56,11.72,8.42,10.26,1.1,1.83,1
5.56,2.31,7.87,6.48,6.48,7.87,1.39,7.41,6.02,8.8,1.39,4.63,5.09,2.31,4.63,7.41,4.63,6.48,0.93,2.31,1
6.9,2.46,6.9,5.42,6.4,7.39,0.49,6.9,5.42,9.36,1.97,2.96,4.93,4.43,4.43,5.91,5.91,7.88,0.99,2.96,1
6.37,2.45,5.88,5.39,6.37,6.86,0.98,6.86,6.37,8.82,1.96,4.41,5.39,3.43,4.41,6.37,5.39,7.84,0.98,3.43,1
9.38,0.62,5,10,5,8.75,1.88,8.12,10.62,6.25,0.62,5,5,0.62,1.88,6.25,2.5,9.38,0,3.12,1
14.87,0,1.86,1.86,0.74,13.01,2.6,3.35,1.86,7.06,1.12,8.18,4.83,3.72,2.97,12.64,6.32,9.29,1.12,2.6,1
5.36,4.1,3.79,5.68,5.68,6.94,2.84,6.94,7.26,5.99,3.15,6.31,4.42,1.89,5.68,6.62,6.31,6.94,0.32,3.79,1
10.69,0.75,5.44,5.25,3.38,8.26,3.38,4.88,5.82,7.69,1.31,4.32,4.32,1.13,4.5,10.51,6.94,7.69,0.75,3,1
7.33,4.19,6.28,4.71,4.71,7.85,1.57,6.81,9.95,5.24,3.14,4.19,6.28,1.57,4.19,5.24,3.14,7.85,2.09,3.66,1
4.23,5.63,9.15,4.93,4.23,4.93,2.82,6.34,8.45,11.97,2.11,5.63,1.41,4.93,0.7,6.34,4.93,5.63,2.82,2.82,1
5,2.78,6.11,11.67,5,5.56,3.33,6.11,5.56,12.78,3.33,6.67,1.11,2.22,5,5,5.56,4.44,0.56,2.22,1
14.29,0.89,4.46,8.04,3.57,7.14,0.89,5.36,8.93,10.71,3.57,1.79,7.14,3.57,2.68,3.57,2.68,10.71,0,0,1
6.87,1.53,4.58,8.4,2.29,13.74,3.82,7.63,5.34,7.63,5.34,0.76,5.34,4.58,1.53,3.82,6.87,5.34,1.53,3.05,1
10.22,1.46,5.84,7.3,2.92,12.41,3.65,5.11,5.84,6.57,6.57,1.46,5.11,4.38,2.19,2.92,5.11,6.57,1.46,2.92,1
6.11,1.53,4.58,7.63,3.82,12.98,3.05,7.63,5.34,6.87,4.58,1.53,6.11,5.34,1.53,3.82,5.34,7.63,1.53,3.05,1
9.44,0.43,4.29,5.58,2.15,8.58,3.43,4.29,7.73,12.88,1.72,5.15,4.72,4.72,2.15,5.58,3.86,6.01,3,4.29,1
13.54,5.21,5.21,7.29,3.12,7.29,4.17,4.17,1.04,7.29,3.12,5.21,3.12,6.25,5.21,7.29,6.25,3.12,1.04,1.04,1
9.35,2.8,4.67,7.48,2.8,6.54,0,4.67,4.67,15.89,4.67,6.54,1.87,2.8,3.74,1.87,6.54,10.28,0,2.8,1
30.45,0,2.24,6.73,3.53,6.41,0.64,2.88,8.33,5.13,0.64,1.6,5.45,1.92,0.64,3.53,8.65,6.73,0,4.49,1
9.56,5.77,6.75,9.56,5.44,3.13,3.13,2.31,10.21,11.37,0.16,1.81,4.94,2.8,4.12,5.6,4.61,5.44,0.33,2.97,1
9.43,0,3.77,9.43,4.4,9.43,2.52,6.29,10.69,6.29,1.26,5.66,4.4,0.63,1.89,5.66,3.14,10.69,0,4.4,1
10.06,0,3.77,10.06,4.4,9.43,2.52,5.66,10.06,6.29,1.26,5.66,4.4,0.63,1.89,6.29,3.14,10.06,0,4.4,1
8.81,0,2.52,11.32,3.77,8.81,3.14,6.29,10.69,6.29,1.26,5.03,3.77,0.63,1.89,6.92,4.4,10.06,0,4.4,1
7.92,2.64,7.17,7.17,3.77,12.08,1.89,3.77,10.19,5.66,1.13,2.26,6.79,0.38,2.64,5.66,6.79,6.42,2.26,3.4,1
9.84,0.82,4.1,11.48,5.74,8.2,1.64,0.82,6.56,7.38,4.92,2.46,4.1,0.82,1.64,8.2,6.56,9.84,2.46,2.46,1
6.93,2.97,6.93,5.94,5.94,9.9,1.98,2.97,5.94,7.92,0,0.99,6.93,3.96,5.94,3.96,6.93,6.93,3.96,2.97,1
10.62,7.08,5.31,0.88,0,7.96,2.65,5.31,2.65,9.73,2.65,7.08,6.19,5.31,6.19,7.96,0.88,9.73,0,1.77,1
24.9,0,2.33,8.56,3.89,5.06,0.39,3.5,10.12,5.84,0.39,1.95,7.78,2.33,1.56,3.89,7.78,5.84,0,3.89,1
10.34,6.9,4.83,4.83,2.07,7.59,2.07,2.76,3.45,8.97,1.38,2.07,8.97,4.83,4.83,6.9,5.52,7.59,0.69,3.45,1
8.75,0.62,4.38,10,3.75,8.75,3.12,8.75,10,6.25,2.5,4.38,4.38,0.62,1.88,6.25,5.62,5.62,0,4.38,1
8.75,0.62,4.38,10,3.75,8.75,2.5,8.75,10,6.25,2.5,4.38,4.38,1.25,1.88,6.88,5,5.62,0,4.38,1
6.88,0.62,5,8.75,4.38,8.75,2.5,7.5,9.38,5.62,1.25,6.88,5,1.25,1.88,5.62,5,9.38,0,4.38,1
7.5,0,4.38,8.75,4.38,9.38,2.5,8.75,9.38,5.62,1.25,6.25,5,1.25,1.88,6.88,5,7.5,0,4.38,1
7.5,0,5,8.75,5,8.75,2.5,8.75,9.38,5.62,1.25,6.25,5,1.25,1.88,6.88,4.38,7.5,0,4.38,1
7.5,0,5,8.75,5,8.75,2.5,8.12,9.38,5.62,1.25,6.25,5,1.25,1.88,6.88,5,7.5,0,4.38,1
8.75,0.62,4.38,10,3.75,8.75,3.12,8.75,10,6.25,2.5,4.38,4.38,0.62,1.88,6.88,5,5.62,0,4.38,1
7.5,0.62,5,8.75,4.38,8.75,2.5,6.88,10,5,1.88,6.25,5,1.25,1.88,5.62,5,9.38,0,4.38,1
7.63,1.53,5.34,7.63,3.05,13.74,3.82,6.87,5.34,5.34,6.11,0.76,5.34,5.34,2.29,2.29,5.34,7.63,1.53,3.05,1
30.68,0,2.65,5.31,2.65,3.83,0.59,2.06,7.37,4.72,0.59,2.36,7.37,2.36,0.59,2.65,12.39,7.67,0,4.13,1
4.02,0.45,1.79,8.48,4.02,2.23,1.79,4.91,5.36,12.05,3.12,2.23,15.62,9.38,1.79,7.14,4.02,9.38,0.45,1.79,1
3.01,1.13,7.52,5.26,4.89,5.26,2.26,5.26,11.28,7.52,3.38,9.4,2.63,1.88,1.5,6.77,6.39,7.52,0.38,6.77,1
9.8,0,3.92,5.88,5.39,12.25,3.43,4.9,4.41,6.37,1.47,1.47,5.39,5.88,3.92,5.39,8.82,4.41,2.94,3.92,1
12.27,0.45,7.05,7.05,3.18,7.73,1.36,7.05,7.95,6.59,1.59,4.32,3.64,2.95,3.41,6.14,5.68,7.27,1.14,3.18,1
6.84,2.66,6.46,6.84,3.8,11.79,1.52,4.18,10.27,5.32,1.14,2.66,6.84,0.76,2.28,6.08,6.84,7.6,2.28,3.8,1
27.5,0.36,3.57,5.71,3.57,7.86,0.71,3.57,7.5,3.57,1.07,0.71,6.07,2.5,3.57,3.57,7.5,7.86,0,3.21,1
3.41,0.49,9.76,10.24,6.83,7.8,1.46,4.39,4.39,10.24,3.41,3.9,0.98,1.95,7.8,13.17,3.41,4.88,0,1.46,1
5.35,2.94,5.88,1.87,4.28,10.16,2.14,5.35,4.55,6.68,2.41,8.56,4.28,2.41,3.48,9.89,6.42,7.49,1.87,4.01,1
5.35,2.94,5.88,1.87,4.55,10.16,2.14,5.35,4.28,6.15,2.41,8.56,4.28,2.41,3.48,9.89,6.68,7.49,1.87,4.28,1
7.78,3.89,4.47,3.31,3.7,7.98,3.11,8.95,7.39,5.84,2.92,6.81,4.28,4.28,4.09,7.98,4.28,5.06,1.56,2.33,1
4.81,3.37,4.33,4.81,4.81,6.25,2.4,6.25,3.85,10.58,0.48,3.85,5.77,4.81,5.29,10.58,8.17,5.29,0.96,3.37,1
8.05,2.68,4.98,4.6,1.15,10.34,1.53,8.05,7.28,8.05,1.15,5.75,3.45,3.45,3.07,9.2,2.68,8.43,1.53,4.6,1
2.72,1.21,5.74,6.04,5.74,5.74,2.11,6.65,7.55,7.85,2.42,8.76,4.83,3.32,5.44,4.83,5.14,6.34,2.72,4.83,1
10.62,2.19,5,6.25,3.75,6.25,2.5,7.5,3.44,6.25,1.88,7.19,2.81,5,5.62,6.88,3.44,5.62,1.25,6.56,1
3.9,10.39,3.9,9.09,2.6,6.49,0,5.19,7.79,2.6,3.9,7.79,3.9,2.6,3.9,7.79,3.9,7.79,2.6,3.9,1
3.9,10.39,3.9,7.79,2.6,6.49,0,5.19,9.09,2.6,3.9,7.79,3.9,2.6,3.9,7.79,3.9,7.79,2.6,3.9,1
7.79,7.79,2.6,7.79,2.6,6.49,0,6.49,9.09,0,5.19,9.09,2.6,1.3,5.19,7.79,3.9,7.79,1.3,5.19,1
7.79,6.49,2.6,7.79,2.6,6.49,0,6.49,9.09,0,5.19,9.09,2.6,1.3,5.19,9.09,3.9,7.79,1.3,5.19,1
7.79,9.09,1.3,7.79,2.6,6.49,0,6.49,9.09,0,5.19,10.39,2.6,1.3,5.19,5.19,5.19,7.79,1.3,5.19,1
5.35,2.94,5.88,1.87,4.55,10.16,1.87,5.35,4.55,6.42,2.41,8.56,4.28,2.41,3.48,9.63,6.68,7.49,1.87,4.28,1
8.75,0.62,4.38,9.38,4.38,10,3.12,9.38,10,5.62,1.25,6.25,5,0,1.25,6.25,3.75,5.62,0,5,1
8.81,1.26,4.4,9.43,4.4,9.43,1.89,8.18,10.06,5.03,0.63,5.03,5.03,1.26,2.52,6.29,3.77,8.18,0,4.4,1
8.12,1.25,4.38,9.38,4.38,9.38,2.5,8.12,10,5,1.25,5,5,1.25,1.88,6.25,4.38,8.12,0,4.38,1
32.06,0,3.05,3.82,5.34,6.11,0,3.82,9.16,2.29,0.76,2.29,3.82,3.82,0,3.05,9.16,7.63,0,3.82,1
10.87,5.8,6.52,4.35,1.45,4.35,0.72,6.52,10.87,6.52,2.9,5.07,5.07,2.9,7.25,2.9,5.07,8.7,0.72,1.45,1
5.45,3.96,2.48,5.94,0.99,9.41,2.97,4.46,9.9,4.46,1.98,10.89,3.96,4.95,3.47,5.45,4.95,6.44,2.48,5.45,1
5.45,3.96,3.47,6.44,0.99,8.91,2.97,3.96,9.41,4.46,1.98,10.89,3.96,4.95,3.47,5.45,4.46,6.93,2.48,5.45,1
5.85,3.9,3.41,4.88,1.46,8.29,3.41,5.85,11.22,5.85,1.95,8.29,3.9,6.34,1.95,4.88,4.39,6.83,1.95,5.37,1
5.39,3.92,4.41,4.9,2.45,8.33,2.94,2.94,12.75,5.88,1.47,8.82,3.92,6.37,1.96,2.94,4.9,7.35,2.45,5.88,1
6.37,3.92,4.41,5.39,1.96,7.35,2.94,3.43,13.24,5.88,1.47,8.82,4.41,5.39,1.96,2.94,4.41,6.86,2.45,6.37,1
5.39,3.92,3.92,5.39,1.96,7.84,2.94,3.43,12.25,5.88,1.47,9.31,3.92,6.37,1.96,3.43,4.41,7.35,2.45,6.37,1
4.9,3.92,4.41,5.88,1.96,8.33,2.94,3.92,12.25,5.39,1.47,10.29,4.41,4.9,1.96,2.94,4.41,6.86,2.45,6.37,1
6.34,3.9,2.93,5.85,1.95,8.29,2.44,4.88,10.24,3.41,1.46,11.22,3.41,4.39,1.95,3.9,6.34,8.29,2.93,5.85,1
5.83,3.88,3.4,6.31,1.94,7.77,2.43,2.91,14.08,5.34,1.94,9.22,4.37,3.4,1.94,3.4,6.31,7.28,2.91,5.34,1
4.72,3.77,2.83,5.19,2.83,8.96,3.3,5.19,9.43,3.77,3.3,11.32,4.25,4.72,2.36,5.19,5.66,6.6,2.36,4.25,1
7.65,1.42,8.19,5.16,3.2,6.23,2.14,8.19,9.96,7.47,1.25,4.45,4.98,2.85,4.27,5.16,4.98,7.83,0.89,3.74,1
6.02,1.05,5.76,6.28,4.19,6.02,1.05,4.19,5.76,9.95,3.14,6.28,5.24,4.45,7.33,4.45,4.45,7.33,2.62,4.45,1
8.72,8.05,4.03,4.7,4.03,4.7,0.67,3.36,2.01,8.72,3.36,2.68,8.72,7.38,6.04,6.71,6.04,6.04,2.01,2.01,1
11.22,3.06,5.1,6.12,3.06,10.2,3.06,8.16,11.22,5.1,2.04,1.02,4.08,3.06,1.02,1.02,10.2,10.2,0,1.02,1
10.95,0,6.2,19.71,1.09,1.46,0.36,1.46,9.12,12.04,2.19,6.57,0,5.84,7.66,5.47,3.28,5.11,0,1.46,1
10.86,2,6.29,5.43,2.86,12,2,5.14,8.57,7.43,1.43,2.29,4.57,2.86,2,4.86,4.29,10.86,1.14,3.14,1
3.45,4.14,4.14,8.97,5.52,7.59,1.38,8.28,6.9,6.21,2.07,4.83,7.59,4.14,4.83,4.14,7.59,4.14,0.69,3.45,1
2.07,4.14,3.45,8.97,6.21,8.28,2.07,7.59,6.9,7.59,2.07,4.14,8.28,4.14,4.14,4.14,6.9,5.52,0.69,2.76,1
2.76,4.14,4.14,8.28,5.52,8.28,1.38,7.59,7.59,6.21,2.07,4.83,7.59,4.14,4.14,4.14,7.59,5.52,0.69,3.45,1
7.92,6.04,7.55,9.81,4.53,3.02,1.13,0.75,10.94,11.32,0.75,1.89,4.53,3.02,4.53,6.79,4.53,7.17,0.38,3.4,1
12,2.8,6.4,6.4,2.8,10.8,4.8,2.8,1.6,4.4,1.2,4.4,3.6,1.6,4.4,10.4,8,5.6,2.4,3.6,1
8.7,5.8,4.35,5.07,0.72,8.7,2.17,3.62,7.97,6.52,2.9,1.45,7.25,2.17,2.9,8.7,6.52,12.32,0.72,1.45,1
8.86,0.47,6.84,9.02,4.35,8.86,0.93,6.84,7.62,6.53,1.87,4.67,4.04,3.11,4.82,5.91,7.47,5.91,0.16,1.71,1
3.23,0,8.21,7.62,3.52,5.57,3.23,7.92,9.68,7.62,2.35,4.99,3.81,2.35,5.87,7.62,4.69,5.28,0.59,5.87,1
8.1,2.18,4.67,6.85,3.43,6.23,2.49,6.54,3.74,6.85,1.87,5.92,3.12,5.61,5.61,7.17,5.3,6.54,1.25,6.54,1
4.27,1.42,5.34,9.79,2.85,6.76,2.67,3.74,4.98,7.83,0.53,5.87,6.76,8.54,6.41,8.54,3.74,6.23,1.07,2.67,1
3.46,0.48,0.48,1.91,0.36,19.57,0.48,0.48,0.84,4.89,0.36,0,12.77,34.84,1.19,5.85,2.98,2.51,1.07,5.49,1
3.5,4.9,4.9,4.2,2.1,8.39,3.5,2.8,9.09,6.29,2.8,1.4,13.29,3.5,7.69,6.29,5.59,8.39,0.7,0.7,1
6.29,0.63,5.03,9.43,3.77,8.81,3.77,10.69,10.06,6.29,0.63,3.14,3.77,1.89,1.26,8.18,6.29,3.77,0,6.29,1
7.94,4.54,6.52,6.38,3.97,7.52,1.7,4.11,8.37,7.52,1.7,4.68,3.97,3.12,4.11,6.81,5.25,7.23,1.56,2.98,1
4.26,1.42,5.68,9.77,2.84,6.75,2.84,3.73,4.8,7.99,0.53,5.68,6.75,8.88,6.39,8.17,3.55,6.22,1.07,2.66,1
5.94,1.83,7.31,5.48,5.02,5.02,1.37,5.48,7.31,9.13,4.57,5.02,5.48,4.11,5.02,5.48,2.74,5.02,1.37,7.31,1
7.8,1.23,5.2,2.74,5.34,8.76,1.92,5.61,3.42,7.11,1.5,5.75,6.02,2.05,5.06,11.08,7.11,7.66,1.23,3.42,1
8.81,1.55,3.63,8.55,5.18,4.92,1.81,6.48,5.18,8.29,4.4,4.4,3.63,3.89,3.89,9.84,4.15,8.03,0.78,2.59,1
10.59,0,12.94,8.24,8.24,9.41,2.35,7.06,8.24,5.88,3.53,2.35,2.35,2.35,5.88,3.53,4.71,2.35,0,0,1
7.55,0,5.66,9.43,3.14,9.43,4.4,9.43,10.69,6.29,0.63,2.52,4.4,1.26,0.63,6.92,5.66,5.03,0,6.92,1
4.65,2.91,4.07,11.63,2.91,6.4,0.58,6.98,5.81,9.88,1.74,6.4,4.65,2.91,4.07,3.49,8.14,6.4,0.58,5.81,1
9.87,5.76,5.1,11.35,5.1,3.45,2.96,1.48,8.72,10.86,0.66,2.14,4.28,3.12,4.28,5.59,4.44,7.07,0.33,3.45,1
6.29,0.63,4.4,9.43,3.77,10.06,3.77,10.69,10.06,6.29,0.63,3.14,4.4,1.89,1.26,7.55,5.66,3.77,0,6.29,1
3.93,3.49,0.44,2.18,4.8,2.18,0.44,4.8,0.44,7.42,1.75,0.44,13.1,34.06,2.18,9.61,2.18,4.8,0.87,0.87,1
1.53,2.68,0.38,1.15,4.21,1.53,1.53,4.6,1.15,8.05,1.15,0.77,17.24,39.08,1.53,8.43,0,3.07,0.77,1.15,1
1.45,2.54,0.36,1.45,4.71,1.45,1.81,4.35,1.09,7.97,1.09,0.72,17.75,37.68,1.81,8.33,0,3.26,0.72,1.45,1
5.95,4.46,3.27,5.65,4.17,6.25,2.98,7.14,7.44,7.74,1.79,6.25,4.17,3.27,3.87,7.74,6.55,5.65,0.3,5.36,1
9.9,0.99,1.98,2.97,0,13.86,1.98,0,2.97,8.91,0.99,0,7.92,25.74,2.97,7.92,1.98,1.98,0.99,5.94,1
2.78,4.17,4.86,10.42,2.08,4.17,10.42,7.64,4.86,4.17,2.08,2.78,4.17,3.47,2.08,6.94,13.19,6.94,0.69,2.08,1
6.82,0,8.33,11.36,6.06,3.79,2.27,9.09,12.12,9.09,6.06,2.27,0.76,4.55,4.55,1.52,3.03,6.06,0,2.27,1
5.68,0,7.95,11.36,6.82,9.09,1.14,2.27,13.64,6.82,2.27,5.68,3.41,0,1.14,6.82,2.27,9.09,3.41,1.14,1
6.04,4.03,3.36,3.36,3.36,8.72,2.68,6.04,7.38,10.74,1.34,6.04,8.05,4.7,0.67,6.71,2.01,10.74,1.34,2.68,1
8.1,0.51,6.33,1.52,5.06,10.38,0.76,3.54,4.56,6.08,0.51,4.56,4.81,5.06,1.27,11.65,8.61,10.38,0.76,5.57,1
6.02,5.26,5.26,5.26,0.75,7.52,3.01,3.76,9.02,6.02,3.01,0.75,13.53,4.51,6.02,5.26,4.51,9.77,0,0.75,1
4.07,3.62,5.88,1.81,6.33,8.6,0.9,5.43,5.43,10.41,1.36,4.52,4.98,3.62,2.71,12.22,5.43,8.14,1.36,3.17,1
11.11,1.71,5.98,4.27,3.42,5.13,1.71,3.42,3.42,8.55,1.71,5.13,4.27,4.27,5.98,6.84,6.84,7.69,3.42,5.13,1
10.64,4.26,6.38,4.26,3.55,10.64,2.84,7.09,9.93,6.38,4.26,2.13,2.84,2.84,0.71,2.13,9.22,9.22,0,0.71,1
7.72,1.84,5.88,4.41,8.46,6.62,1.47,6.25,6.25,8.82,0.74,5.88,5.15,0.74,4.04,8.46,6.25,5.88,0.37,4.78,1
7.5,0,5,7.5,8.75,8.75,0,6.25,8.75,3.75,1.25,7.5,7.5,1.25,2.5,5,3.75,12.5,0,2.5,1
7.5,0,5,7.5,8.75,8.75,0,7.5,8.75,3.75,0,7.5,7.5,1.25,2.5,5,3.75,12.5,0,2.5,1
5,0,2.5,10,6.25,8.75,1.25,8.75,10,3.75,0,6.25,6.25,1.25,2.5,6.25,6.25,12.5,0,2.5,1
4.83,5.52,3.45,5.52,3.45,6.21,4.14,2.76,4.83,7.59,2.07,2.07,10.34,17.24,4.83,4.83,3.45,4.83,1.38,0.69,1
4.83,5.52,2.07,6.21,3.45,6.21,4.14,2.76,6.21,7.59,2.07,2.07,11.03,16.55,4.14,4.83,3.45,4.83,1.38,0.69,1
4.83,5.52,3.45,4.83,3.45,6.9,3.45,2.76,6.21,6.9,2.07,2.07,11.03,17.24,3.45,4.83,3.45,5.52,1.38,0.69,1
4.83,5.52,3.45,5.52,3.45,5.52,4.14,2.76,6.21,7.59,2.07,2.07,11.03,16.55,4.14,4.83,3.45,4.83,1.38,0.69,1
4.83,5.52,3.45,4.83,3.45,6.9,3.45,2.76,6.9,6.9,2.07,2.07,11.03,17.24,2.76,4.83,3.45,5.52,1.38,0.69,1
8.84,0,8.84,7.91,4.19,4.65,3.72,6.98,6.98,9.3,3.72,4.19,2.79,2.79,3.26,5.12,3.72,11.63,0,1.4,1
2.87,2.87,0.72,1.08,5.02,3.23,1.43,5.73,0.72,5.73,1.43,1.43,15.41,33.33,2.15,6.81,2.87,5.38,0.72,1.08,1
26.32,0,2.81,7.37,3.51,7.02,0.35,3.16,9.12,5.26,0.35,1.75,8.77,2.11,0.7,3.51,8.07,5.61,0,4.21,1
5.61,2.55,4.59,8.16,7.14,5.61,1.53,6.63,8.67,6.63,3.57,4.59,4.08,1.53,6.63,8.67,4.08,7.14,1.02,1.53,1
9.39,6.53,4.9,2.04,5.31,9.39,0.82,2.45,3.67,5.71,2.04,5.71,8.57,4.08,1.22,8.16,9.39,6.12,1.22,3.27,1
8.79,2.75,7.69,6.04,4.95,4.95,4.4,5.49,7.14,7.14,0.55,4.95,2.2,3.3,5.49,5.49,6.59,4.95,1.1,6.04,1
6.85,2.82,7.66,7.66,3.63,12.9,2.02,4.03,10.89,4.44,0.81,2.42,7.26,0.4,2.42,4.84,6.85,6.05,2.42,3.63,1
5.54,1.14,5.05,10.91,3.58,6.84,2.12,4.07,5.21,7,1.3,6.51,5.86,7.17,10.1,6.68,3.26,5.37,0.81,1.47,1
5.27,1.12,4.79,10.86,3.51,7.19,2.4,3.99,5.75,6.87,1.28,6.55,6.07,6.87,9.42,7.19,3.35,5.27,0.8,1.44,1
11.27,0,4.9,5.88,5.88,11.76,1.96,4.41,6.86,6.86,2.94,1.47,5.39,5.88,0.98,5.39,5.88,5.88,1.96,4.41,1
6.88,0.62,4.38,9.38,4.38,8.75,2.5,7.5,9.38,5.62,1.25,6.88,5,1.25,1.88,6.25,5,8.75,0,4.38,1
8.75,0.62,5,9.38,3.75,8.75,3.12,8.75,10,6.25,2.5,5,4.38,0.62,1.88,6.88,4.38,5.62,0,4.38,1
9.78,5.43,6.52,7.61,1.09,4.35,0,4.35,7.61,15.22,2.17,4.35,4.35,2.17,2.17,3.26,4.35,10.87,1.09,3.26,1
7.77,0.49,5.83,8.74,5.83,6.8,1.94,4.37,9.22,12.14,1.94,0.97,6.31,3.88,5.34,4.37,2.91,5.83,1.94,3.4,1
7.78,3.7,4.67,3.11,3.89,8.17,3.11,8.95,7.59,5.45,3.11,6.81,4.28,4.47,4.09,7.78,4.28,4.86,1.56,2.33,1
19.47,0,7.08,12.39,1.77,14.16,0.88,3.54,6.19,10.62,1.77,1.77,2.65,0.88,0.88,10.62,0.88,3.54,0,0.88,1
9.89,3.04,7.22,5.7,2.66,8.37,1.52,4.94,9.51,5.7,2.28,3.04,8.37,1.52,4.94,6.46,3.42,7.6,1.52,2.28,1
5.97,3.12,5.68,4.83,6.25,8.52,2.27,7.95,5.4,6.25,0.57,5.4,3.69,4.26,2.27,6.53,6.25,10.51,0.85,3.41,1
8.56,0.27,4.81,3.48,5.61,6.68,1.07,5.88,4.01,9.36,1.87,6.42,5.88,2.67,5.35,10.43,5.08,6.68,1.6,4.28,1
6.07,1.58,6.07,7.39,3.43,8.18,3.43,5.54,6.86,7.92,1.58,4.22,2.64,4.49,3.69,9.76,4.75,5.01,2.64,4.75,1
6.98,2.33,4.65,5.23,6.98,14.53,2.33,4.07,6.98,3.49,3.49,4.07,4.65,2.91,4.07,6.4,6.98,8.14,0.58,1.16,1
11.63,0,2.49,5.82,1.66,9.14,2.77,6.37,3.32,6.93,1.94,7.76,3.88,3.6,3.88,9.7,5.54,9.42,0.55,3.6,1
8.45,1.41,14.08,5.63,8.45,9.86,0,5.63,4.23,7.04,4.23,4.23,1.41,1.41,5.63,5.63,8.45,4.23,0,0,1
8.22,1.37,13.7,5.48,9.59,9.59,0,5.48,5.48,6.85,4.11,4.11,1.37,1.37,4.11,6.85,8.22,4.11,0,0,1
11.39,0,12.66,8.86,7.59,7.59,1.27,5.06,10.13,5.06,5.06,2.53,2.53,1.27,2.53,5.06,6.33,5.06,0,0,1
9.14,0,5.71,3.71,6,8.57,1.71,3.43,6.29,6.86,1.14,6.29,4.57,4,4,10.86,4.57,7.71,1.43,4,1
8.11,7.21,5.41,4.5,1.8,10.81,4.5,1.8,0.9,6.31,1.8,2.7,7.21,3.6,12.61,2.7,6.31,7.21,1.8,2.7,1
9.17,7.34,6.42,3.67,1.83,11.93,2.75,1.83,0.92,6.42,1.83,2.75,5.5,3.67,12.84,1.83,6.42,8.26,1.83,2.75,1
7.96,7.08,5.31,2.65,3.54,11.5,2.65,1.77,0,6.19,1.77,2.65,6.19,5.31,15.04,2.65,6.19,6.19,2.65,2.65,1
2.32,2.32,0.77,2.32,3.86,2.7,1.93,5.02,0.39,8.49,0.77,2.7,15.83,32.82,1.93,5.41,1.54,5.02,0.39,3.47,1
7.34,2.7,6.56,3.47,0.77,10.42,1.54,7.34,5.41,6.95,1.93,3.86,4.25,5.79,2.7,9.27,4.25,9.65,1.54,4.25,1
9.39,0,8.92,7.51,4.69,5.63,3.76,9.86,7.04,7.98,3.76,3.29,2.82,2.82,3.29,4.23,4.23,9.39,0,1.41,1
7.55,0,5.03,9.43,4.4,7.55,3.77,8.81,10.06,5.66,0.63,4.4,2.52,0.63,1.26,9.43,5.03,8.18,0,5.66,1
6.88,0,6.25,8.12,3.75,10,2.5,9.38,10.62,6.88,1.25,3.12,3.12,1.88,1.25,6.88,7.5,5,0,5.62,1
6.88,0,6.25,7.5,4.38,10,2.5,9.38,11.25,6.88,1.25,3.75,3.12,1.88,1.25,6.88,6.25,5,0,5.62,1
6.88,0,6.25,8.12,4.38,10,1.88,9.38,10.62,6.88,1.25,3.12,3.12,1.88,1.88,6.88,6.88,5,0,5.62,1
6.03,3.02,7.33,3.88,0.86,11.64,1.72,6.9,6.47,5.6,1.29,3.45,3.88,6.03,3.02,9.48,3.45,9.48,1.72,4.74,1
8.75,0.62,5,10.62,5,8.75,2.5,8.12,10.62,5.62,0.62,5,5,0.62,1.88,6.25,3.12,8.75,0,3.12,1
8.12,0,5.62,8.75,4.38,8.75,2.5,8.75,9.38,5.62,1.25,5,5,1.25,2.5,6.88,4.38,7.5,0,4.38,1
9.38,0.62,5,9.38,3.75,8.12,3.12,8.12,10,6.88,2.5,5,4.38,0.62,1.88,6.25,5,5.62,0,4.38,1
7.5,0,5.62,8.75,5,8.75,2.5,8.12,9.38,5.62,1.25,5.62,5,1.25,1.88,6.88,5,7.5,0,4.38,1
9.38,0.62,5,9.38,3.75,8.75,3.12,8.75,10,6.25,2.5,5,4.38,0.62,1.88,5.62,5,5.62,0,4.38,1
8.75,0.62,5,9.38,3.75,8.75,3.12,8.75,10,6.25,2.5,5,4.38,0.62,1.88,6.25,5,5.62,0,4.38,1
9.38,0.62,5,9.38,5,8.75,1.88,8.75,10,5.62,0.62,5.62,4.38,1.25,1.88,7.5,2.5,8.75,0,3.12,1
7.5,0,5,8.75,5,8.12,2.5,8.75,10,5.62,1.25,5,5,1.25,2.5,7.5,5,6.88,0,4.38,1
7.5,0.62,4.38,10,4.38,10,3.12,7.5,10,4.38,0.62,5.62,4.38,0.62,1.88,6.25,4.38,10,0,4.38,1
6.88,0.62,5.62,8.75,4.38,8.12,2.5,11.25,11.25,6.25,0.62,4.38,4.38,1.88,1.88,8.12,3.12,5,0,5,1
15.6,3.67,10.09,7.34,10.09,5.5,1.83,5.5,11.93,7.34,1.83,0.92,0.92,2.75,0.92,3.67,5.5,4.59,0,0,1
8.62,1.72,5.17,0,5.17,6.9,1.72,5.17,5.17,6.9,3.45,8.62,1.72,8.62,0,12.07,8.62,6.9,0,3.45,1
3.02,1.21,5.74,6.04,5.74,5.44,1.81,6.95,8.46,7.25,2.11,8.76,4.53,3.93,5.14,5.14,4.53,6.65,2.72,4.83,1
8.44,0.65,6.49,6.49,3.9,9.74,1.95,9.74,6.49,8.44,1.3,3.9,4.55,1.95,0.65,4.55,9.09,9.09,0,2.6,1
16.36,0,9.09,12.73,2.73,7.27,0,4.55,8.18,13.64,1.82,0.91,3.64,0.91,1.82,5.45,4.55,3.64,1.82,0.91,1
8.09,4.54,6.52,6.38,3.83,7.52,1.7,3.97,8.51,7.52,1.7,4.26,3.97,3.26,4.26,6.95,5.39,7.23,1.42,2.98,1
12.37,0,5.69,19.4,1.67,1.67,0.67,4.35,10.03,9.03,3.34,2.68,0.33,7.69,7.69,4.68,3.01,4.35,0,1.34,1
9.81,4.75,4.11,1.9,5.06,11.71,1.27,4.11,3.8,6.01,1.27,6.96,4.43,4.11,3.8,8.23,8.23,3.16,2.22,5.06,1
2.92,4.38,3.65,8.76,6.57,8.03,1.46,5.84,7.3,7.3,2.19,4.38,5.84,2.92,5.84,5.84,7.3,5.84,0.73,2.92,1
4.41,4.41,3.68,8.82,5.88,7.35,2.21,7.35,6.62,7.35,2.21,5.15,5.15,3.68,5.15,4.41,7.35,4.41,0.74,3.68,1
4.41,4.41,2.94,8.09,5.15,8.09,1.47,7.35,7.35,7.35,2.21,6.62,5.15,3.68,5.15,4.41,6.62,4.41,0.74,4.41,1
2.07,4.14,4.14,8.28,6.9,7.59,0.69,6.21,6.9,6.21,2.07,4.83,7.59,4.14,4.83,4.83,8.28,6.21,0.69,3.45,1
3.65,4.38,3.65,8.76,6.57,8.03,1.46,5.84,7.3,7.3,2.19,4.38,5.84,2.92,5.84,5.11,7.3,5.84,0.73,2.92,1
3.68,4.41,2.94,8.09,5.15,8.82,1.47,5.88,8.09,7.35,2.21,5.88,5.15,3.68,3.68,5.15,8.09,5.15,0.74,4.41,1
2.76,4.14,4.83,8.28,6.21,6.9,1.38,6.21,6.21,6.9,2.76,4.14,7.59,4.14,4.83,6.21,6.9,6.21,0.69,2.76,1
2.94,4.41,3.68,8.09,6.62,8.82,1.47,5.88,8.09,7.35,2.21,4.41,5.88,2.94,5.15,5.15,7.35,5.88,0.74,2.94,1
6.82,6.82,7.95,7.95,1.14,2.27,1.14,3.41,5.68,10.23,1.14,4.55,6.82,2.27,5.68,5.68,5.68,10.23,0,4.55,1
8.7,6.52,8.7,8.7,1.09,5.43,0,3.26,6.52,14.13,1.09,4.35,4.35,2.17,3.26,4.35,4.35,8.7,1.09,3.26,1
3.08,0,10,8.46,6.92,7.69,0,3.85,13.08,5.38,1.54,3.08,1.54,3.08,4.62,3.85,8.46,12.31,0,3.08,1
11.45,6.02,4.82,3.01,1.81,9.64,3.61,2.41,1.81,7.83,3.61,3.01,6.63,3.61,8.43,4.82,3.61,9.04,1.2,3.61,1
9.38,6.25,5.62,3.12,1.25,11.88,3.75,2.5,1.25,8.12,3.12,1.88,6.25,3.75,10,3.75,4.38,8.75,1.25,3.75,1
10.83,6.37,4.46,3.82,1.91,8.92,2.55,4.46,1.27,7.01,2.55,2.55,7.01,4.46,8.92,3.18,4.46,10.19,1.27,3.82,1
13.12,6.25,4.38,3.75,1.88,9.38,2.5,1.88,1.25,8.12,3.75,1.88,6.25,3.75,8.75,5,2.5,10,1.25,4.38,1
12.5,6.94,3.47,4.17,2.78,5.56,2.08,4.17,2.08,9.72,2.78,2.78,6.94,5.56,6.25,6.25,5.56,4.86,0.69,4.86,1
13.33,4,8,4,4,4,1.33,5.33,14.67,12,2.67,1.33,4,0,0,4,4,10.67,2.67,0,1
18.54,0,1.32,30.46,0,0.66,0.66,1.32,8.61,0.66,0.66,0.66,15.23,1.32,0,1.99,13.25,4.64,0,0,1
5.62,0,5,9.38,3.75,9.38,3.75,8.75,11.25,6.88,0.62,3.12,5,1.25,0.62,8.75,6.25,4.38,0,6.25,1
7.47,2.93,6.13,2.4,3.73,9.33,2.93,5.6,3.73,6.4,2.4,9.33,4,1.6,3.73,10.4,5.87,7.73,1.87,2.4,1
4.44,0.63,7.77,6.18,6.81,5.07,5.71,3.96,7.45,6.5,1.74,3.96,5.39,2.85,5.39,4.75,3.8,6.5,0.63,10.46,1
11.28,6.02,1.5,9.02,2.26,6.77,1.5,6.77,11.28,5.26,2.26,0.75,6.02,0.75,2.26,8.27,8.27,7.52,0.75,1.5,1
10.23,4.55,3.98,5.11,0.57,7.39,2.27,3.41,6.82,7.39,2.27,0.57,12.5,3.41,5.11,6.82,5.68,10.8,0.57,0.57,1
6.88,0.62,5,8.75,5,8.75,2.5,6.88,9.38,5.62,1.25,6.25,5,1.25,1.88,6.25,5.62,8.75,0,4.38,1
6.88,0,5.62,8.75,5,8.75,2.5,7.5,9.38,5.62,1.25,5.62,5,1.25,1.88,6.88,5.62,8.12,0,4.38,1
6.88,0.62,5,8.75,5,8.75,2.5,8.12,9.38,5.62,1.25,6.25,5,1.25,1.88,6.25,5,8.12,0,4.38,1
6.88,0.62,5,8.12,4.38,9.38,2.5,7.5,9.38,6.25,1.25,6.25,5,1.25,1.88,6.25,5.62,8.12,0,4.38,1
6.88,0,5.62,8.75,4.38,8.75,2.5,8.12,9.38,6.25,1.25,5.62,5,1.25,1.88,6.88,5.62,7.5,0,4.38,1
6.88,0,5.62,8.75,4.38,8.75,2.5,7.5,9.38,5.62,1.88,5.62,5,1.25,1.88,6.88,5.62,8.12,0,4.38,1
6.88,0,5.62,8.75,5,8.12,2.5,8.12,9.38,5.62,1.25,5.62,5,1.25,2.5,6.88,5.62,7.5,0,4.38,1
4.3,0,7.16,8.6,4.87,4.87,4.01,4.3,12.32,7.16,3.15,7.74,3.15,4.58,3.15,6.59,5.16,4.3,0,4.58,1
9.38,0,5,9.38,4.38,9.38,2.5,5.62,10.62,6.25,1.88,5.62,4.38,0.62,1.88,6.25,3.12,10,0,3.75,1
9.38,0,5,10,4.38,9.38,2.5,5.62,9.38,6.25,1.88,6.25,4.38,0.62,1.88,6.25,3.12,10,0,3.75,1
9.38,0,5,9.38,5,8.75,2.5,5.62,10.62,6.25,1.88,5.62,4.38,0.62,1.88,6.25,3.12,10,0,3.75,1
10,0,4.38,10,5,8.75,2.5,5.62,10,6.25,1.88,5.62,4.38,0.62,1.88,6.25,3.12,10,0,3.75,1
10,0,4.38,10,5.62,9.38,1.88,5.62,10,7.5,1.88,5,4.38,0.62,1.88,6.25,3.12,9.38,0,3.12,1
10,0,4.38,10,5.62,9.38,1.88,5,9.38,7.5,2.5,5,4.38,0.62,1.88,6.25,3.75,9.38,0,3.12,1
6.83,0.62,3.11,10.56,3.73,9.94,3.11,7.45,10.56,4.97,0.62,4.97,4.97,0.62,1.86,5.59,5.59,10.56,0,4.35,1
7.45,0.62,3.11,10.56,3.11,9.94,3.11,7.45,9.94,4.97,0.62,5.59,5.59,0.62,1.86,4.97,5.59,10.56,0,4.35,1
2.69,2.69,6.99,4.3,4.84,7.53,2.15,6.99,8.6,9.14,1.61,8.6,4.84,2.69,3.23,2.69,4.84,11.29,0.54,3.76,1
4.28,2.14,7.49,10.7,6.95,4.81,0.53,8.56,6.42,8.56,1.6,5.88,2.14,3.74,4.81,5.88,2.14,8.56,0.53,4.28,1
3.4,0.64,7.45,5.74,6.38,5.53,5.74,4.26,7.45,7.23,1.7,4.89,5.11,2.98,5.32,5.32,4.26,5.53,0.43,10.64,1
3.82,0.76,7.89,6.36,5.85,5.34,6.62,4.83,8.14,6.62,1.78,3.82,5.09,2.8,4.58,5.6,3.31,6.36,0.25,10.18,1
11.35,4.26,5.67,5.67,4.26,10.64,2.84,7.09,9.93,5.67,3.55,0.71,2.84,2.13,0.71,2.13,9.93,9.93,0,0.71,1
10.64,4.26,6.38,4.26,3.55,10.64,2.84,7.09,9.93,6.38,4.26,2.13,2.84,2.84,0.71,2.13,9.22,9.22,0,0.71,1
8.78,2.67,6.11,6.11,4.2,11.45,1.53,4.96,10.69,4.58,1.15,2.29,6.49,0.76,2.67,6.49,6.11,7.63,2.29,3.05,1
13.33,4,8,2.67,4,5.33,1.33,5.33,14.67,12,2.67,1.33,4,0,0,4,4,10.67,2.67,0,1
11.18,5.29,11.18,4.12,1.76,5.88,1.18,4.12,4.12,10,0.59,2.35,5.29,2.94,5.29,4.12,7.06,10.59,0,2.94,1
3,0.86,7.3,6.44,3.43,6.44,2.58,4.29,10.3,9.87,0.86,8.15,1.72,5.15,3,5.15,7.3,5.58,0.86,7.73,1
9.5,0,5.43,3.62,3.17,9.5,4.07,5.88,8.14,7.69,1.81,4.98,6.33,6.79,0.9,4.07,5.88,4.52,3.17,4.52,1
11.04,0,7.14,6.49,3.25,7.79,1.95,10.39,5.84,5.19,1.95,2.6,3.9,1.3,1.3,7.79,10.39,9.74,0,1.95,1
28.11,0.36,3.56,5.69,3.91,7.83,0.36,3.56,8.19,3.2,0.71,0.71,5.69,2.14,1.78,4.63,8.19,8.19,0,3.2,1
28.26,0,2.17,8.33,3.62,6.88,0.72,3.26,9.78,5.07,0.36,1.81,4.71,1.45,0.36,4.35,9.06,5.8,0,3.99,1
15,0.62,4.38,3.75,6.25,6.25,1.88,5,6.25,9.38,5,5,3.12,3.75,2.5,7.5,3.12,6.88,1.88,2.5,1
14.91,0.62,6.21,3.11,6.83,6.83,4.97,8.7,3.11,6.83,1.86,5.59,2.48,2.48,3.11,9.32,4.35,6.21,1.86,0.62,1
2.42,2.77,0.35,3.11,5.19,4.15,2.42,3.46,1.73,10.03,2.42,2.08,14.53,30.45,1.38,4.15,3.11,4.5,0.35,1.38,1
5.61,4.29,4.62,5.94,4.62,7.59,1.65,8.25,9.57,8.25,0.99,5.61,4.95,2.64,4.29,6.27,4.95,5.61,0.33,3.96,1
6,4.33,3.33,5.33,4,6.33,2.67,8.33,7.67,6,1.33,6.33,4.67,3,4.67,8,7,5.67,0.33,5,1
5.76,5.76,5.04,9.35,2.88,5.76,1.44,4.32,0,7.19,2.88,4.32,1.44,16.55,12.95,5.04,2.88,3.6,0.72,2.16,1
9.65,8.77,2.63,4.39,2.63,14.04,0.88,4.39,7.02,7.89,2.63,1.75,7.02,0.88,1.75,7.02,6.14,8.77,0,1.75,1
2.08,0,4.17,10.42,6.25,8.33,1.04,3.12,12.5,7.29,2.08,3.12,7.29,1.04,4.17,5.21,9.38,8.33,2.08,2.08,1
10.83,3.18,7.64,3.82,5.73,8.28,0.64,3.18,5.73,7.64,1.27,3.82,3.82,3.18,2.55,8.92,8.92,4.46,1.27,5.1,1
19.47,0,7.08,13.27,1.77,14.16,0.88,3.54,6.19,10.62,1.77,1.77,3.54,0,0.88,9.73,0.88,3.54,0,0.88,1
7.22,1.94,3.92,5.96,3.14,4.71,2.77,5.23,6.64,7.53,2.14,3.87,4.08,4.29,5.6,15.48,5.33,6.75,0.94,2.46,1
8.54,1.22,14.63,6.1,8.54,8.54,1.22,6.1,6.1,6.1,6.1,3.66,1.22,1.22,3.66,4.88,8.54,3.66,0,0,1
10.78,0.5,5.76,4.51,6.02,6.27,1.75,3.01,4.76,11.03,2.51,2.76,5.01,5.26,3.51,11.03,5.01,8.02,0.5,2.01,1
15.18,0.89,4.46,8.04,3.57,7.14,0.89,5.36,8.93,10.71,3.57,1.79,7.14,3.57,2.68,3.57,1.79,10.71,0,0,1
7.47,1.29,7.99,6.44,2.84,6.19,1.55,8.76,6.7,11.86,1.29,5.15,4.64,2.06,4.12,7.47,7.73,2.84,0.52,3.09,1
7.51,1.98,11.46,16.6,1.98,11.46,1.19,3.16,9.88,4.74,1.58,2.37,2.77,1.98,2.37,8.7,3.16,5.53,0,1.58,1
9.64,0,14.46,6.02,8.43,8.43,2.41,6.02,9.64,4.82,4.82,3.61,0,1.2,3.61,6.02,7.23,2.41,0,1.2,1
10.84,0,14.46,6.02,8.43,8.43,2.41,6.02,9.64,4.82,4.82,3.61,0,1.2,3.61,6.02,6.02,2.41,0,1.2,1
10,0,13.75,7.5,6.25,8.75,2.5,7.5,8.75,5,3.75,3.75,0,1.25,5,7.5,3.75,2.5,0,2.5,1
11.72,0.61,6.46,5.66,3.03,9.7,3.84,5.66,7.07,7.07,1.21,4.44,3.23,1.41,2.42,9.09,4.85,7.88,1.21,3.43,1
8.4,1.53,5.34,6.87,3.82,12.98,3.05,7.63,6.11,6.11,6.11,1.53,6.11,4.58,0.76,3.05,5.34,6.11,1.53,3.05,1
11.04,0,6.49,6.49,3.25,8.44,1.95,10.39,5.84,5.19,1.95,2.6,3.25,1.3,1.3,7.79,11.04,9.74,0,1.95,1
10.39,0,7.14,6.49,3.25,8.44,1.95,10.39,5.84,5.84,1.3,2.6,3.9,1.3,1.3,7.79,10.39,9.74,0,1.95,1
11.04,0,6.49,6.49,3.25,8.44,1.95,10.39,5.84,5.84,1.3,2.6,3.9,1.3,1.3,7.79,10.39,9.74,0,1.95,1
11.94,0.87,5.47,5.35,2.99,7.84,1.74,4.85,2.99,9.2,1,6.34,5.1,3.98,3.48,6.84,7.34,5.72,1.87,5.1,1
